2079 1490886000
357 1490972400
1224 1491145200
1165 1491231600
1721 1491318000
1629 1491404400
149 1491490800
1208 1491577200
2421 1491663600
1966 1491750000
960 1491836400
1987 1491922800
3110 1492009200
2663 1492095600
1300 1492182000
544 1492268400
1912 1492354800
1365 1492441200
1129 1492527600
1090 1492614000
2897 1492700400
1761 1492786800
922 1492873200
1491 1492959600
1413 1493046000
3959 1493132400
2119 1493218800
2103 1493305200
2137 1493391600
2913 1493478000
988 1493564400
1570 1493650800
1636 1493737200
1692 1493823600
2793 1493910000
1060 1493996400
1272 1494082800
2304 1494169200
3866 1494255600
3078 1494342000
1037 1494428400
401 1494514800
339 1494601200
174 1494687600
49 1494774000
321 1494860400
331 1494946800
226 1495033200
427 1495119600
216 1495206000
21 1495292400
650 1495378800
2443 1495465200
673 1495551600
388 1495638000
281 1495724400
10 1495810800
146 1495897200
150 1495983600
229 1496070000
1891 1496156400
745 1496242800
459 1496329200
694 1496415600
255 1496502000
395 1496588400
261 1496674800
436 1496761200
322 1496847600
743 1496934000
176 1497020400
55 1497106800
1704 1497193200
470 1497279600
686 1497452400
2330 1497538800
252 1497711600
263 1497798000
571 1497884400
535 1497970800
1561 1498057200
489 1498143600
602 1498230000
729 1498316400
156 1498402800
545 1498489200
734 1498575600
390 1498662000
746 1498748400
211 1498834800
378 1498921200
1581 1499007600
806 1499094000
77 1499180400
2442 1499266800
696 1499353200
93 1499439600
98 1499526000
1251 1499612400
1644 1499698800
1104 1499785200
729 1499871600
880 1499958000
13 1500044400
1099 1500217200
977 1500303600
1641 1500390000
2164 1500476400
342 1500562800
9 1500649200
54 1500822000
687 1500908400
33 1500994800
1553 1501081200
1898 1501167600
894 1501254000
182 1501426800
1170 1501513200
566 1501599600
1105 1501686000
146 1501772400
3 1501858800
453 1501945200
649 1502031600
443 1502118000
849 1502204400
1380 1502290800
10 1502377200
22 1502463600
693 1502550000
290 1502722800
437 1502809200
1271 1502895600
883 1502982000
22 1503068400
634 1503154800
2173 1503241200
536 1503327600
59 1503414000
167 1503500400
2747 1503586800
98 1503673200
708 1503759600
903 1503846000
1843 1503932400
581 1504018800
730 1504105200
713 1504364400
1522 1504450800
44 1504537200
19 1504796400
60 1504969200
398 1505055600
682 1505142000
597 1505228400
1087 1505314800
1457 1505401200
5 1505487600
393 1505660400
141 1505746800
365 1505833200
692 1505919600
1232 1506006000
129 1506265200
442 1506351600
33 1506438000
2118 1506524400
340 1506610800
527 1506870000
259 1506956400
12 1507042800
16 1507129200
50 1507302000
769 1507561200
1214 1507734000
2052 1507820400
240 1507906800
801 1507993200
909 1508079600
933 1508166000
903 1508252400
940 1508425200
179 1508598000
127 1508684400
49 1508770800
465 1508857200
1273 1508943600
26 1509030000
47 1509116400
152 1509289200
35 1509375600
2793 1509462000
143 1509548400
1355 1509634800
410 1509721200
237 1509807600
215 1509894000
576 1509980400
435 1510066800
1793 1510153200
203 1510239600
117 1510326000
181 1510498800
116 1510585200
91 1510671600
126 1510930800
31 1511017200
228 1511103600
5 1511190000
86 1511276400
838 1511362800
1241 1511449200
182 1511535600
271 1511622000
297 1511708400
41 1511794800
193 1511881200
149 1511967600
33 1512054000
10 1512140400
1068 1512313200
107 1512399600
6 1512486000
14 1512658800
13 1512831600
189 1512918000
178 1513004400
223 1513090800
1020 1513177200
1949 1513263600
119 1513350000
16 1513436400
287 1513522800
323 1513609200
319 1513695600
971 1513782000
1796 1513868400
76 1513954800
75 1514127600
1015 1514300400
224 1514386800
135 1514473200
70 1514559600
518 1514646000
